3
50 100
aaaaaaaaaaaaaaaaaaaaaaaaaaaaaaaaaaaaaaaaaaaaaaaaaa
2
1
8 22
2
1
2 10
2
1
2 10
2
2
9 14
24 39
2
2
7 10
25 27
2
1
1 5
2
2
7 22
33 38
2
1
2 8
2
1
6 20
2
2
4 6
20 23
2
1
9 18
2
2
10 23
35 41
2
2
3 8
10 25
2
2
9 18
22 24
2
1
7 13
2
2
1 9
14 20
2
2
5 7
10 22
2
2
5 10
14 15
2
2
9 14
17 28
2
1
2 5
2
1
2 16
2
2
1 6
12 15
2
2
7 21
31 37
2
1
7 10
2
2
10 13
17 19
2
2
5 8
12 23
2
1
6 18
2
1
2 8
1
1 g
2
1
10 20
2
2
3 6
13 16
2
1
2 15
2
2
6 13
16 17
2
2
1 11
20 28
2
1
10 18
2
1
9 19
2
2
7 22
33 44
2
2
2 16
26 37
2
2
3 4
16 25
2
2
8 23
27 36
2
2
3 13
26 39
2
2
5 16
31 35
2
2
5 7
22 34
2
2
2 6
9 14
2
1
2 12
2
2
3 9
23 25
2
1
7 12
2
2
1 14
22 33
2
2
9 12
26 39
2
1
6 16
2
1
5 12
2
2
9 14
17 26
2
2
2 13
26 41
2
2
4 5
20 23
2
2
7 8
13 24
2
2
4 8
17 26
2
1
7 17
2
1
7 12
2
1
3 15
2
2
2 13
20 28
2
1
3 14
2
1
10 15
2
2
4 9
22 23
2
1
10 22
2
2
10 21
32 34
2
2
9 13
28 33
2
2
9 12
25 31
2
2
10 22
31 39
2
1
7 9
2
1
5 19
2
2
9 12
15 24
2
2
8 23
31 41
2
2
2 16
29 43
2
2
3 15
24 25
2
2
2 6
14 19
2
1
1 11
1
15 k
2
1
4 6
2
2
1 5
7 22
2
2
1 8
9 10
1
3 o
2
2
1 3
4 6
2
2
10 15
17 25
2
1
1 13
2
1
10 21
2
1
5 16
2
2
8 14
18 30
2
1
10 14
2
2
9 13
25 40
2
1
5 8
2
1
2 17
2
1
5 13
2
1
7 16
2
2
9 22
33 45
2
1
8 23
2
1
1 16
2
1
4 6
2
2
5 17
18 19
2
1
7 17
2
1
10 15
20 500
giqeiefqaqdnmlnceorq
2
1
1 2
2
2
3 5
6 8
2
1
3 8
2
2
1 4
6 8
2
2
2 6
7 12
2
1
3 6
2
2
1 2
4 7
2
2
3 5
9 13
2
1
3 6
2
2
1 5
10 11
1
4 c
2
2
3 8
12 16
2
1
3 8
2
2
1 6
9 10
2
2
2 5
8 12
2
1
1 4
2
2
1 4
5 6
2
1
3 4
2
1
3 6
2
2
2 3
5 6
2
2
1 3
8 13
2
2
3 4
6 8
2
1
1 3
2
1
2 6
2
2
1 5
10 12
2
2
1 3
8 11
2
1
1 6
2
1
3 6
2
1
1 4
2
2
2 6
11 12
2
2
1 2
6 11
2
1
3 6
2
1
3 5
2
1
2 4
2
1
3 5
2
2
1 2
7 11
2
2
1 6
7 10
2
2
1 3
4 6
2
1
3 6
1
14 q
2
2
1 2
6 11
2
2
2 4
5 8
2
1
1 4
2
2
3 5
9 12
2
1
1 5
1
10 t
2
1
2 7
2
1
3 6
2
2
1 3
5 9
1
8 r
1
16 k
1
6 c
2
2
3 8
12 17
2
1
1 6
2
2
3 4
8 10
2
1
3 8
2
1
3 8
2
2
3 6
9 10
1
2 i
1
20 l
2
2
3 5
9 11
2
1
1 3
2
2
1 2
3 8
2
2
1 5
9 11
2
1
1 4
2
1
1 5
2
2
3 4
7 10
1
8 p
2
2
2 7
9 13
1
6 r
2
1
2 6
2
1
1 3
2
1
3 7
2
1
3 5
2
2
1 4
5 10
2
1
1 6
2
2
1 2
3 4
2
1
3 4
2
1
3 5
2
2
2 7
9 13
2
1
3 7
2
1
1 5
2
1
3 7
2
2
1 5
9 13
1
2 p
2
2
1 6
7 11
1
10 i
2
1
1 5
2
2
3 5
10 13
2
2
2 7
9 10
2
2
2 6
9 12
2
1
1 6
2
1
3 6
2
2
2 4
6 10
2
1
2 7
2
1
3 8
2
1
2 3
2
1
3 7
2
1
3 4
2
2
2 7
8 12
2
2
1 4
5 10
2
1
2 3
2
2
1 3
5 9
2
1
3 8
2
2
3 7
11 16
2
2
2 5
9 12
2
2
1 5
8 10
2
2
3 8
12 16
2
2
3 7
10 11
2
2
3 6
8 9
2
1
1 5
2
1
3 7
1
20 p
2
1
2 5
2
2
3 5
10 11
2
1
3 7
2
1
2 5
2
2
1 4
9 10
2
1
3 7
2
1
3 5
1
2 d
2
2
1 2
4 8
2
1
2 7
2
2
1 5
7 10
2
2
2 4
8 11
2
2
1 3
6 9
1
7 h
2
1
1 4
2
1
3 7
2
1
3 8
2
2
1 3
8 10
2
1
1 2
2
1
3 5
2
1
3 5
2
2
3 6
7 9
2
2
1 5
6 9
2
1
1 6
2
1
1 5
2
2
2 6
7 11
2
2
1 5
6 11
2
1
3 7
2
2
2 7
11 13
2
2
3 7
10 13
2
1
2 5
2
2
2 3
4 9
2
2
3 4
5 9
2
1
3 5
2
1
3 5
2
2
2 7
11 14
2
1
3 7
2
2
2 6
11 15
2
1
1 5
2
1
3 4
1
16 b
2
1
2 4
2
2
1 6
11 15
2
2
1 5
9 10
2
2
2 4
8 13
1
8 o
2
2
1 4
8 13
2
2
2 7
9 14
1
3 p
2
2
3 7
10 15
2
1
2 7
2
2
2 3
4 7
2
2
3 6
7 9
1
7 a
2
1
1 2
2
2
2 3
5 9
2
2
2 5
10 14
2
1
1 5
2
1
2 4
2
1
3 7
2
1
1 4
2
1
2 5
2
1
1 4
2
2
2 5
10 15
2
2
2 7
9 12
2
1
2 3
2
1
1 6
1
17 f
2
1
3 5
2
1
2 4
2
2
3 8
10 12
2
2
2 4
6 8
2
1
2 4
2
1
2 6
2
1
2 6
2
2
2 6
7 10
1
11 h
2
2
3 5
10 12
2
1
2 3
2
1
2 5
2
2
3 4
7 11
2
2
3 4
7 10
2
2
1 4
9 13
1
14 s
2
1
3 5
2
1
3 7
2
1
2 6
1
11 p
2
2
1 5
8 12
2
1
2 3
2
1
1 4
2
1
2 6
2
1
1 6
2
1
3 5
1
9 p
2
1
1 5
1
4 q
2
2
2 5
10 12
2
2
3 6
9 14
2
1
3 7
2
1
3 7
2
1
1 4
2
1
3 6
2
2
1 2
3 4
2
2
2 5
7 12
1
8 f
1
15 g
2
1
2 6
2
1
3 8
2
1
1 3
2
1
2 5
1
14 r
2
1
2 7
2
1
3 5
2
2
2 4
6 9
2
2
2 3
5 9
2
2
3 7
9 12
2
2
2 7
9 14
2
2
3 8
9 14
2
2
1 6
9 12
2
2
1 3
7 11
2
1
1 6
2
2
3 7
10 11
2
2
3 7
10 11
2
2
2 3
5 8
1
4 t
2
1
2 4
1
10 r
2
1
3 6
2
1
1 3
2
2
1 3
6 11
2
1
3 8
2
1
1 6
2
1
3 6
2
1
1 6
2
1
2 4
2
1
2 5
2
1
2 5
1
7 b
2
1
3 8
2
1
2 6
2
2
3 8
12 17
2
1
1 3
2
2
2 3
7 9
2
2
2 7
12 17
1
19 b
2
1
1 3
2
2
1 5
9 13
2
2
3 6
7 8
2
2
3 8
11 15
2
2
2 7
10 15
2
1
2 3
1
20 b
2
1
2 5
2
1
1 5
2
2
1 4
6 9
2
1
1 3
2
1
3 6
2
2
3 6
7 9
2
1
1 5
1
19 b
2
1
2 7
2
1
2 7
1
2 b
2
1
3 5
2
2
2 4
9 13
2
1
3 6
2
1
2 5
2
2
2 6
9 10
2
1
3 7
1
18 b
2
1
1 6
2
1
2 7
1
12 b
2
2
2 3
8 11
2
1
1 5
2
2
3 8
10 12
2
1
2 7
2
2
3 5
7 8
2
2
3 6
11 14
2
1
1 3
2
2
2 7
12 13
2
1
1 5
2
2
2 3
8 10
2
2
2 7
11 13
2
2
1 5
6 8
2
1
1 4
2
1
3 8
2
1
2 7
2
2
1 4
5 10
1
2 b
2
1
3 6
2
1
2 4
2
1
1 3
2
2
2 7
11 14
1
3 b
2
2
2 4
7 11
2
1
3 8
2
1
2 5
2
2
2 5
6 10
2
1
2 3
2
2
2 4
8 10
1
7 b
2
1
3 5
2
2
1 4
6 8
1
13 b
2
2
2 6
9 10
2
2
2 3
4 7
1
18 b
2
2
1 5
10 14
1
13 b
2
1
2 5
2
1
3 5
2
2
3 7
9 14
2
2
1 6
7 10
2
2
1 6
11 12
1
11 b
2
2
2 5
9 12
1
17 b
2
2
2 7
12 14
2
2
2 4
8 9
1
9 b
2
1
2 5
2
2
2 5
6 11
2
2
3 7
10 15
2
2
2 6
9 11
2
2
3 8
13 15
2
1
3 6
1
21 b
2
1
3 4
2
2
3 6
10 13
2
1
1 2
2
1
3 5
2
1
3 5
2
1
3 4
2
2
2 5
6 11
2
2
2 4
5 7
2
2
2 6
8 11
1
24 b
2
1
1 6
2
2
3 6
9 12
2
2
2 7
9 12
1
7 b
2
2
3 6
9 11
2
2
1 6
8 9
1
6 b
2
1
1 5
2
1
2 4
2
2
1 5
7 8
2
1
2 4
2
1
1 5
2
1
1 3
2
1
2 3
2
2
1 5
9 10
2
2
2 4
5 10
2
1
1 5
2
2
1 6
7 8
2
2
1 3
6 11
1
15 b
2
1
3 6
1
1 b
2
1
2 4
2
2
2 3
6 8
2
2
1 3
4 9
2
1
3 6
2
2
1 2
6 8
2
2
3 4
5 7
2
1
2 4
2
2
2 7
10 14
2
1
1 2
2
1
2 4
2
2
1 6
10 15
2
1
1 2
2
1
1 5
2
2
1 2
7 12
2
2
1 5
8 11
2
1
2 4
2
1
1 6
2
2
1 4
7 11
1
17 b
2
1
1 2
2
1
1 5
2
2
2 7
8 10
2
2
1 3
8 13
1
17 b
2
1
2 7
1
20 b
1
10 b
2
1
1 2
2
1
1 2
2
1
1 2
2
2
2 3
5 6
2
2
1 4
8 9
2
1
3 5
2
1
1 3
2
1
3 8
1
20 b
1
16 b
2
2
2 7
11 16
2
1
3 6
1
6 b
2
1
3 7
2
2
2 6
7 11
2
1
3 6
2
1
1 5
2
1
1 2
2
1
2 4
2
2
1 5
7 9
2
2
3 7
11 15
2
2
1 5
9 11
2
1
2 3
2
1
1 4
2
2
1 5
7 8
2
1
1 2
2
2
2 6
8 12
2
1
2 3
2
1
3 5
2
2
2 7
9 10
2
1
1 2
2
2
2 5
6 11
1
9 b
2
1
1 4
2
1
1 5
2
2
1 4
5 9
2
2
3 7
8 10
2
1
3 8
2
1
3 4
2
1
2 4
2
1
3 4
2
2
2 7
12 14
2
2
2 3
4 8
2
1
1 4
2
2
2 7
11 12
2
2
1 4
8 12
2
1
3 8
2
2
2 3
7 10
2
2
3 4
9 10
2
2
2 6
8 13
2
2
1 6
7 10
2
1
2 3
2
2
3 8
9 12
2
2
3 8
11 14
2
1
1 5
1
10 b
2
1
3 5
2
1
1 3
2
2
1 3
4 6
2
2
3 6
8 13
2
2
2 3
8 13
2
1
3 6
2
2
1 4
9 12
2
2
1 3
5 10
2
2
2 3
5 9
2
2
3 5
8 9
1
17 b
1
20 b
2
1
1 3
2
2
3 5
7 11
2
1
2 6
2
1
2 5
2
1
1 5
2
2
2 4
9 12
2
2
2 3
8 9
2
1
3 4
2
2
2 7
9 10
2
2
2 3
5 9
2
2
2 5
10 11
2
2
3 8
12 15
1
23 b
2
2
2 5
7 8
2
2
1 4
7 9
2
1
3 5
2
2
2 7
10 14
2
2
1 5
10 14
2
2
1 4
8 9
2
1
3 4
2
2
2 4
6 7
2
1
3 5
2
1
3 4
2
1
2 7
2
2
2 6
11 14
2
1
3 4
2
1
1 6
2
2
2 3
7 11
2
2
1 5
7 10
2
2
1 2
5 8
2
1
3 5
20 500
olllnobhjehreasssjaj
1
16 i
2
3
2 4
5 6
7 9
1
14 b
1
6 m
2
1
2 4
2
1
1 2
1
20 a
2
3
2 4
5 7
8 9
2
3
3 5
7 9
10 11
1
15 e
2
3
1 3
4 5
7 8
2
3
2 4
6 7
9 11
2
2
1 2
3 5
1
12 p
1
1 k
1
8 d
2
3
1 3
4 6
8 9
1
15 r
1
17 p
2
3
3 4
5 6
7 9
1
14 t
2
3
2 4
5 6
8 10
2
1
1 3
2
2
2 3
5 7
2
2
2 3
5 7
2
1
2 3
1
16 b
2
2
2 4
6 8
1
14 q
1
16 m
1
16 g
1
10 b
2
2
3 5
6 8
1
1 n
1
17 e
1
11 i
2
1
1 3
2
3
3 4
6 8
9 10
1
11 d
2
1
3 5
1
13 f
1
7 h
2
1
1 2
1
12 k
1
10 e
2
2
2 4
5 6
1
2 m
2
3
1 3
5 6
8 10
2
1
1 3
1
7 s
1
7 f
1
20 o
1
19 m
2
1
2 3
2
2
1 2
4 5
1
19 a
1
13 f
1
19 m
1
11 d
1
2 a
1
14 n
1
13 l
1
19 l
2
2
1 3
4 6
1
10 o
2
1
2 4
1
20 r
2
3
2 3
5 7
8 9
1
16 e
1
10 g
2
3
1 3
5 6
7 8
2
2
3 4
6 8
2
2
3 5
7 8
1
1 d
2
1
3 5
2
2
2 3
4 5
2
1
1 3
1
3 g
1
2 s
1
17 g
2
1
2 4
1
20 n
1
16 k
1
8 s
1
18 c
1
14 i
1
4 n
2
1
3 4
1
12 c
2
1
2 3
2
1
3 5
2
2
2 4
6 7
1
10 h
1
4 g
2
3
3 4
6 8
9 10
2
2
1 2
4 5
1
3 r
2
2
3 5
6 7
1
11 b
1
13 l
2
1
2 3
1
15 e
2
2
3 4
5 7
1
18 m
1
6 o
2
1
3 4
2
1
2 3
1
15 b
2
1
1 3
1
13 k
1
9 t
1
2 b
2
1
3 5
1
7 m
2
1
1 3
1
7 e
2
1
3 5
2
1
2 3
1
1 s
1
8 c
2
1
2 3
2
3
2 4
5 6
7 9
2
1
2 3
2
2
3 4
5 6
2
2
1 3
4 6
2
3
1 3
5 7
8 9
2
3
3 4
5 7
9 10
2
1
2 4
1
19 e
1
8 a
2
3
3 5
6 8
9 11
1
14 r
1
14 r
1
16 q
1
6 p
2
2
2 4
5 6
2
2
3 5
6 7
2
1
1 3
2
1
2 4
2
2
1 3
4 6
2
2
3 5
6 8
1
3 l
1
7 e
2
2
2 3
4 5
1
11 m
1
19 p
2
2
1 2
3 5
2
1
3 5
2
2
1 3
5 7
2
1
1 3
1
12 d
1
8 m
1
8 e
1
4 s
2
3
3 4
6 7
9 11
2
2
1 2
3 4
2
3
1 2
3 5
6 8
2
3
1 3
4 6
7 9
1
7 c
2
1
1 3
1
3 l
1
6 q
2
3
2 3
4 6
8 10
1
9 r
2
2
2 4
6 7
1
17 k
2
2
1 2
3 5
1
1 p
2
3
3 4
5 6
7 8
2
1
1 3
1
16 n
1
19 s
2
2
1 3
5 7
1
20 j
2
2
1 3
5 6
2
1
2 3
2
1
1 3
1
10 t
2
3
3 4
5 6
8 9
1
3 n
2
1
2 4
2
1
2 3
2
1
2 4
2
1
2 4
1
12 l
2
1
2 3
2
1
3 5
1
12 e
1
11 a
1
12 b
1
12 i
1
2 d
2
2
3 5
6 7
1
16 p
1
4 a
2
2
1 3
4 6
2
2
1 3
4 6
2
1
2 4
1
18 n
1
14 m
1
11 j
1
3 k
1
1 c
1
18 b
1
14 g
1
14 a
2
3
2 4
5 6
8 10
2
2
2 4
5 7
1
17 f
2
2
2 4
6 7
2
1
3 4
2
1
3 5
2
2
1 2
4 5
2
3
3 5
6 7
8 10
2
3
3 4
5 7
8 9
2
3
3 5
7 9
11 12
1
5 s
2
1
1 3
2
2
2 4
6 7
1
17 b
1
18 i
2
2
2 3
4 5
1
14 j
2
3
1 2
3 4
6 7
1
17 o
1
16 q
1
5 k
1
11 f
2
3
1 2
3 5
6 8
2
2
1 3
4 5
2
1
3 5
1
2 c
2
2
3 4
6 7
2
1
2 3
2
1
2 4
1
3 d
2
2
1 3
5 7
1
15 l
2
2
3 4
6 7
1
16 j
2
3
3 5
6 8
9 10
2
1
2 3
2
2
1 3
4 6
2
2
3 4
6 8
2
2
1 2
4 5
2
2
1 2
3 5
2
3
1 2
4 5
6 8
1
9 o
2
2
2 3
4 5
2
2
1 3
5 6
2
3
1 2
3 5
6 7
1
7 a
1
8 p
1
12 b
1
4 t
1
18 q
2
1
1 2
2
3
3 5
6 7
9 11
2
3
1 3
4 5
7 9
2
1
3 4
2
3
1 3
4 5
7 9
1
15 c
2
1
3 5
1
19 p
2
3
2 4
5 6
7 8
1
15 q
2
2
2 4
5 7
2
3
1 3
4 6
8 10
2
2
3 4
6 8
2
2
1 2
4 5
2
1
3 4
2
1
1 3
1
9 d
1
14 j
1
9 s
2
2
1 3
5 7
1
7 a
2
1
2 4
1
1 e
1
10 i
1
3 t
1
19 r
1
17 h
2
3
3 4
5 6
7 8
2
3
3 4
5 7
9 11
2
2
2 4
5 6
2
1
3 4
1
17 l
1
18 g
1
19 c
2
2
1 3
4 6
2
1
3 4
1
7 l
2
1
2 4
2
1
1 2
2
3
2 3
4 5
6 8
2
2
3 4
6 7
1
7 l
2
3
1 2
3 5
7 8
1
10 s
2
2
3 5
6 7
2
2
3 5
6 7
2
2
1 2
3 4
2
3
3 4
6 8
10 11
1
18 q
2
3
1 2
4 5
7 9
2
1
1 3
1
9 q
2
3
2 4
5 6
8 9
1
11 r
2
1
1 2
2
1
3 5
2
3
1 2
3 4
6 7
1
5 d
2
2
2 4
5 6
1
2 a
2
1
1 3
1
3 i
2
2
1 2
4 5
2
3
1 2
3 5
6 7
1
5 q
1
19 e
1
8 t
2
1
1 2
2
3
1 2
3 5
6 8
2
1
3 5
2
2
2 3
4 5
2
3
2 4
5 7
9 11
2
3
3 5
7 8
9 11
1
20 k
1
18 d
2
2
3 4
6 8
1
9 t
1
5 q
2
3
1 2
4 6
7 9
1
11 n
1
18 k
1
1 h
1
16 r
2
1
1 2
1
10 m
1
8 e
1
20 k
1
17 a
1
19 q
2
3
3 5
6 8
10 11
2
2
1 3
4 6
2
2
1 2
4 6
1
13 g
2
1
1 2
1
14 m
2
1
3 5
2
1
2 3
1
18 s
1
1 n
2
3
2 3
5 7
9 11
1
9 d
2
3
2 4
5 7
8 10
1
3 s
1
2 k
2
1
3 5
1
11 c
2
3
2 4
5 6
7 8
1
3 s
2
3
3 4
5 7
8 10
2
3
1 2
3 5
7 9
1
6 c
2
3
2 4
6 7
9 10
1
12 o
2
3
3 4
5 7
9 11
1
14 o
2
2
3 4
6 7
2
3
1 3
4 6
7 9
2
2
3 4
5 7
1
3 b
2
1
2 3
1
16 h
2
2
3 4
5 7
1
10 d
2
3
1 3
5 6
8 10
2
1
3 5
1
18 b
2
1
3 4
1
6 t
1
5 c
2
3
2 4
6 7
8 10
1
20 k
1
13 g
2
3
3 5
7 9
11 12
1
15 h
2
2
2 4
6 8
2
3
2 4
6 8
10 11
1
3 b
1
12 f
1
3 t
1
14 f
2
1
3 5
2
2
3 4
6 8
1
9 m
2
3
2 3
5 6
7 9
2
3
2 4
5 7
9 10
2
3
2 3
5 7
9 10
1
19 b
1
1 h
2
1
3 4
1
13 s
1
15 q
2
1
1 2
1
1 k
2
2
3 4
5 6
1
9 j
1
18 b
1
4 e
1
10 d
1
6 k
1
15 d
2
2
3 5
6 8
1
16 q
1
19 a
1
10 t
1
13 i
1
1 d
1
11 c
1
8 b
2
3
3 5
6 7
9 10
1
6 i
2
3
2 3
4 6
8 10
1
14 c
2
2
2 3
5 6
2
3
3 4
6 7
8 9
1
2 n
2
2
2 4
5 7
2
3
2 4
5 7
9 11
2
2
2 4
6 7
2
3
3 5
7 9
10 11
1
9 d
2
2
1 2
4 5
2
1
2 3
1
18 a
2
3
3 5
6 8
9 11
2
3
1 3
4 5
6 8
2
2
3 5
7 9
2
1
1 3
1
17 e
2
1
1 2
2
3
1 2
4 6
8 10
2
1
1 3
2
3
2 3
4 5
7 8
2
1
2 3
2
2
1 3
5 6
1
14 n
2
2
1 2
3 4
1
20 p
1
15 d
2
2
1 2
3 5
2
3
1 3
5 7
8 9
1
17 t
2
2
3 5
6 8
1
7 j
1
8 t
1
4 o
2
3
2 4
6 8
9 11
1
15 h
1
19 i
1
17 o
1
13 n
1
16 h
2
2
1 2
4 6
2
2
1 3
4 6
1
12 t
1
12 k
2
3
3 4
5 7
8 10
2
3
1 3
4 6
8 9
2
1
3 4
1
18 h
1
18 n
1
14 r
2
1
1 3
2
2
1 2
3 5
2
2
1 3
4 5
1
8 s
2
3
2 4
6 8
9 10
2
3
3 4
5 7
9 11
1
3 a
2
2
1 3
4 6
1
6 f
2
2
1 3
4 5
2
3
3 4
6 8
10 12
1
9 k
1
3 b
2
2
2 3
4 5
1
11 o
2
1
3 5
1
15 j
2
2
1 2
3 5
1
18 c
1
12 i
1
18 b
1
11 m
2
3
1 2
3 5
7 8
